ATAR Range
99.95 211.42 230.00
99.90 208.08 211.41
99.85 206.01 208.07
99.80 204.33 206.00
99.75 202.98 204.32
99.70 201.93 202.97
99.65 200.92 201.92
99.60 199.91 200.91
99.55 199.05 199.90
99.50 198.20 199.04
99.45 197.59 198.19
99.40 196.97 197.58
99.35 196.19 196.96
99.30 195.44 196.18
99.25 194.80 195.43
99.20 194.14 194.79
99.15 193.63 194.13
99.10 193.21 193.62
99.05 192.55 193.20
99.00 192.10 192.54
98.95 191.64 192.09
98.90 191.13 191.63
98.85 190.69 191.12
98.80 190.25 190.68
98.75 189.77 190.24
98.70 189.32 189.76
98.65 188.85 189.31
98.60 188.51 188.84
98.55 188.02 188.50
98.50 187.53 188.01
98.45 187.14 187.52
98.40 186.78 187.13
98.35 186.38 186.77
ATAR Range
98.30 185.98 186.37
98.25 185.67 185.97
98.20 185.24 185.66
98.15 184.94 185.23
98.10 184.57 184.93
98.05 184.20 184.56
98.00 183.81 184.19
97.95 183.51 183.80
97.90 183.23 183.50
97.85 182.91 183.22
97.80 182.59 182.90
97.75 182.29 182.58
97.70 182.05 182.28
97.65 181.73 182.04
97.60 181.41 181.72
97.55 181.17 181.40
97.50 180.84 181.16
97.45 180.58 180.83
97.40 180.25 180.57
97.35 179.85 180.24
97.30 179.60 179.84
97.25 179.32 179.59
97.20 179.09 179.31
97.15 178.84 179.08
97.10 178.56 178.83
97.05 178.34 178.55
97.00 178.10 178.33
96.95 177.85 178.09
96.90 177.57 177.84
96.85 177.30 177.56
96.80 177.10 177.29
96.75 176.88 177.09
96.70 176.67 176.87
ATAR Range
96.65 176.47 176.66
96.60 176.27 176.46
96.55 176.04 176.26
96.50 175.81 176.03
96.45 175.59 175.80
96.40 175.36 175.58
96.35 175.15 175.35
96.30 174.90 175.14
96.25 174.72 174.89
96.20 174.49 174.71
96.15 174.29 174.48
96.10 174.09 174.28
96.05 173.82 174.08
96.00 173.56 173.81
95.95 173.37 173.55
95.90 173.09 173.36
95.85 172.89 173.08
95.80 172.68 172.88
95.75 172.50 172.67
95.70 172.31 172.49
95.65 172.12 172.30
95.60 171.94 172.11
95.55 171.70 171.93
95.50 171.55 171.69
95.45 171.36 171.54
95.40 171.20 171.35
95.35 171.04 171.19
95.30 170.88 171.03
95.25 170.70 170.87
95.20 170.55 170.69
95.15 170.39 170.54
95.10 170.21 170.38
95.05 170.02 170.20
ATAR Range
95.00 169.85 170.01
94.95 169.66 169.84
94.90 169.47 169.65
94.85 169.28 169.46
94.80 169.14 169.27
94.75 168.98 169.13
94.70 168.80 168.97
94.65 168.62 168.79
94.60 168.41 168.61
94.55 168.23 168.40
94.50 168.06 168.22
94.45 167.92 168.05
94.40 167.76 167.91
94.35 167.58 167.75
94.30 167.43 167.57
94.25 167.26 167.42
94.20 167.12 167.25
94.15 166.98 167.11
94.10 166.82 166.97
94.05 166.63 166.81
94.00 166.49 166.62
93.95 166.28 166.48
93.90 166.13 166.27
93.85 165.92 166.12
93.80 165.77 165.91
93.75 165.60 165.76
93.70 165.44 165.59
93.65 165.25 165.43
93.60 165.11 165.24
93.55 164.94 165.10
93.50 164.82 164.93
93.45 164.66 164.81
93.40 164.53 164.65
93.35 164.38 164.52
ATAR Range
93.30 164.21 164.37
93.25 164.09 164.20
93.20 163.97 164.08
93.15 163.78 163.96
93.10 163.61 163.77
93.05 163.46 163.60
93.00 163.30 163.45
92.95 163.18 163.29
92.90 163.04 163.17
92.85 162.94 163.03
92.80 162.78 162.93
92.75 162.59 162.77
92.70 162.46 162.58
92.65 162.33 162.45
92.60 162.16 162.32
92.55 162.00 162.15
92.50 161.85 161.99
92.45 161.71 161.84
92.40 161.57 161.70
92.35 161.42 161.56
92.30 161.31 161.41
92.25 161.17 161.30
92.20 161.08 161.16
92.15 160.96 161.07
92.10 160.81 160.95
92.05 160.69 160.80
92.00 160.53 160.68
91.95 160.39 160.52
91.90 160.24 160.38
91.85 160.10 160.23
91.80 159.97 160.09
91.75 159.80 159.96
91.70 159.67 159.79
91.65 159.54 159.66
ATAR Range
91.60 159.40 159.53
91.55 159.26 159.39
91.50 159.15 159.25
91.45 159.01 159.14
91.40 158.86 159.00
91.35 158.70 158.85
91.30 158.59 158.69
91.25 158.46 158.58
91.20 158.32 158.45
91.15 158.18 158.31
91.10 158.03 158.17
91.05 157.92 158.02
91.00 157.79 157.91
90.95 157.68 157.78
90.90 157.57 157.67
90.85 157.41 157.56
90.80 157.28 157.40
90.75 157.15 157.27
90.70 157.05 157.14
90.65 156.93 157.04
90.60 156.80 156.92
90.55 156.65 156.79
90.50 156.48 156.64
90.45 156.33 156.47
90.40 156.18 156.32
90.35 156.02 156.17
90.30 155.86 156.01
90.25 155.75 155.85
90.20 155.64 155.74
90.15 155.54 155.63
90.10 155.43 155.53
90.05 155.31 155.42
90.00 155.19 155.30
89.95 155.05 155.18
ATAR Range
89.90 154.94 155.04
89.85 154.80 154.93
89.80 154.67 154.79
89.75 154.55 154.66
89.70 154.42 154.54
89.65 154.31 154.41
89.60 154.19 154.30
89.55 154.09 154.18
89.50 153.94 154.08
89.45 153.82 153.93
89.40 153.71 153.81
89.35 153.62 153.70
89.30 153.51 153.61
89.25 153.39 153.50
89.20 153.25 153.38
89.15 153.12 153.24
89.10 153.02 153.11
89.05 152.92 153.01
89.00 152.81 152.91
88.95 152.69 152.80
88.90 152.61 152.68
88.85 152.50 152.60
88.80 152.40 152.49
88.75 152.28 152.39
88.70 152.18 152.27
88.65 152.04 152.17
88.60 151.92 152.03
88.55 151.84 151.91
88.50 151.73 151.83
88.45 151.60 151.72
88.40 151.49 151.59
88.35 151.35 151.48
88.30 151.22 151.34
88.25 151.09 151.21
ATAR Range
88.20 150.98 151.08
88.15 150.87 150.97
88.10 150.74 150.86
88.05 150.64 150.73
88.00 150.51 150.63
87.95 150.41 150.50
87.90 150.28 150.40
87.85 150.16 150.27
87.80 150.05 150.15
87.75 149.94 150.04
87.70 149.79 149.93
87.65 149.71 149.78
87.60 149.57 149.70
87.55 149.45 149.56
87.50 149.34 149.44
87.45 149.24 149.33
87.40 149.13 149.23
87.35 149.05 149.12
87.30 148.94 149.04
87.25 148.83 148.93
87.20 148.70 148.82
87.15 148.59 148.69
87.10 148.50 148.58
87.05 148.42 148.49
87.00 148.31 148.41
86.95 148.22 148.30
86.90 148.14 148.21
86.85 148.02 148.13
86.80 147.93 148.01
86.75 147.83 147.92
86.70 147.76 147.82
86.65 147.64 147.75
86.60 147.55 147.63
86.55 147.47 147.54
ATAR Range
86.50 147.37 147.46
86.45 147.28 147.36
86.40 147.18 147.27
86.35 147.08 147.17
86.30 146.97 147.07
86.25 146.87 146.96
86.20 146.77 146.86
86.15 146.67 146.76
86.10 146.59 146.66
86.05 146.47 146.58
86.00 146.36 146.46
85.95 146.26 146.35
85.90 146.18 146.25
85.85 146.07 146.17
85.80 145.99 146.06
85.75 145.88 145.98
85.70 145.76 145.87
85.65 145.66 145.75
85.60 145.58 145.65
85.55 145.48 145.57
85.50 145.37 145.47
85.45 145.28 145.36
85.40 145.20 145.27
85.35 145.09 145.19
85.30 144.99 145.08
85.25 144.91 144.98
85.20 144.80 144.90
85.15 144.71 144.79
85.10 144.61 144.70
85.05 144.53 144.60
85.00 144.45 144.52
84.95 144.35 144.44
84.90 144.24 144.34
84.85 144.12 144.23 
ATAR Range
84.80 144.02 144.11
84.75 143.93 144.01
84.70 143.81 143.92
84.65 143.73 143.80
84.60 143.60 143.72
84.55 143.53 143.59
84.50 143.43 143.52
84.45 143.34 143.42
84.40 143.28 143.33
84.35 143.18 143.27
84.30 143.08 143.17
84.25 142.98 143.07
84.20 142.88 142.97
84.15 142.77 142.87
84.10 142.67 142.76
84.05 142.60 142.66
84.00 142.52 142.59
83.95 142.41 142.51
83.90 142.33 142.40
83.85 142.24 142.32
83.80 142.10 142.23
83.75 142.03 142.09
83.70 141.92 142.02
83.65 141.82 141.91
83.60 141.72 141.81
83.55 141.65 141.71
83.50 141.57 141.64
83.45 141.51 141.56
83.40 141.43 141.50
83.35 141.36 141.42
83.30 141.26 141.35
83.25 141.18 141.25
83.20 141.07 141.17
83.15 140.98 141.06
ATAR Range
83.10 140.90 140.97
83.05 140.81 140.89
83.00 140.73 140.80
82.95 140.62 140.72
82.90 140.53 140.61
82.85 140.45 140.52
82.80 140.35 140.44
82.75 140.28 140.34
82.70 140.21 140.27
82.65 140.11 140.20
82.60 140.01 140.10
82.55 139.93 140.00
82.50 139.85 139.92
82.45 139.75 139.84
82.40 139.66 139.74
82.35 139.58 139.65
82.30 139.49 139.57
82.25 139.38 139.48
82.20 139.29 139.37
82.15 139.22 139.28
82.10 139.14 139.21
82.05 139.07 139.13
82.00 139.00 139.06
81.95 138.94 138.99
81.90 138.84 138.93
81.85 138.75 138.83
81.80 138.67 138.74
81.75 138.59 138.66
81.70 138.52 138.58
81.65 138.44 138.51
81.60 138.35 138.43
81.55 138.27 138.34
81.50 138.17 138.26
81.45 138.09 138.16
ATAR Range
81.40 137.99 138.08
81.35 137.91 137.98
81.30 137.84 137.90
81.25 137.74 137.83
81.20 137.66 137.73
81.15 137.58 137.65
81.10 137.51 137.57
81.05 137.43 137.50
81.00 137.35 137.42
80.95 137.28 137.34
80.90 137.19 137.27
80.85 137.11 137.18
80.80 137.00 137.10
80.75 136.92 136.99
80.70 136.85 136.91
80.65 136.78 136.84
80.60 136.70 136.77
80.55 136.62 136.69
80.50 136.55 136.61
80.45 136.47 136.54
80.40 136.39 136.46
80.35 136.32 136.38
80.30 136.22 136.31
80.25 136.12 136.21
80.20 136.03 136.11
80.15 135.95 136.02
80.10 135.86 135.94
80.05 135.78 135.85
80.00 135.65 135.77
79.95 135.56 135.64
79.90 135.49 135.55
79.85 135.40 135.48
79.80 135.30 135.39
79.75 135.20 135.29
ATAR Range
79.70 135.10 135.19
79.65 135.03 135.09
79.60 134.96 135.02
79.55 134.85 134.95
79.50 134.75 134.84
79.45 134.67 134.74
79.40 134.60 134.66
79.35 134.51 134.59
79.30 134.43 134.50
79.25 134.35 134.42
79.20 134.24 134.34
79.15 134.16 134.23
79.10 134.10 134.15
79.05 133.96 134.09
79.00 133.86 133.95
78.95 133.76 133.85
78.90 133.70 133.75
78.85 133.62 133.69
78.80 133.54 133.61
78.75 133.45 133.53
78.70 133.37 133.44
78.65 133.29 133.36
78.60 133.21 133.28
78.55 133.15 133.20
78.50 133.04 133.14
78.45 132.97 133.03
78.40 132.89 132.96
78.35 132.77 132.88
78.30 132.69 132.76
78.25 132.60 132.68
78.20 132.52 132.59
78.15 132.44 132.51
78.10 132.36 132.43
78.05 132.30 132.35
ATAR Range
78.00 132.22 132.29
77.95 132.14 132.21
77.90 132.06 132.13
77.85 131.95 132.05
77.80 131.87 131.94
77.75 131.80 131.86
77.70 131.73 131.79
77.65 131.65 131.72
77.60 131.55 131.64
77.55 131.46 131.54
77.50 131.40 131.45
77.45 131.32 131.39
77.40 131.23 131.31
77.35 131.15 131.22
77.30 131.05 131.14
77.25 130.98 131.04
77.20 130.90 130.97
77.15 130.84 130.89
77.10 130.78 130.83
77.05 130.71 130.77
77.00 130.64 130.70
76.95 130.55 130.63
76.90 130.47 130.54
76.85 130.40 130.46
76.80 130.33 130.39
76.75 130.27 130.32
76.70 130.20 130.26
76.65 130.12 130.19
76.60 130.05 130.11
76.55 129.97 130.04
76.50 129.91 129.96
76.45 129.83 129.90
76.40 129.74 129.82
76.35 129.67 129.73
ATAR Range
76.30 129.57 129.66
76.25 129.50 129.56
76.20 129.44 129.49
76.15 129.36 129.43
76.10 129.31 129.35
76.05 129.25 129.30
76.00 129.18 129.24
75.95 129.11 129.17
75.90 129.02 129.10
75.85 128.93 129.01
75.80 128.86 128.92
75.75 128.78 128.85
75.70 128.72 128.77
75.65 128.66 128.71
75.60 128.58 128.65
75.55 128.50 128.57
75.50 128.41 128.49
75.45 128.34 128.40
75.40 128.27 128.33
75.35 128.19 128.26
75.30 128.12 128.18
75.25 128.04 128.11
75.20 127.98 128.03
75.15 127.90 127.97
75.10 127.83 127.89
75.05 127.76 127.82
75.00 127.68 127.75
74.95 127.60 127.67
74.90 127.53 127.59
74.85 127.44 127.52
74.80 127.36 127.43
74.75 127.29 127.35
74.70 127.22 127.28
74.65 127.16 127.21
ATAR Range
74.60 127.07 127.15
74.55 126.99 127.06
74.50 126.92 126.98
74.45 126.86 126.91
74.40 126.79 126.85
74.35 126.72 126.78
74.30 126.66 126.71
74.25 126.58 126.65
74.20 126.50 126.57
74.15 126.43 126.49
74.10 126.34 126.42
74.05 126.28 126.33
74.00 126.21 126.27
73.95 126.13 126.20
73.90 126.03 126.12
73.85 125.97 126.02
73.80 125.89 125.96
73.75 125.81 125.88
73.70 125.74 125.80
73.65 125.66 125.73
73.60 125.56 125.65
73.55 125.51 125.55
73.50 125.44 125.50
73.45 125.39 125.43
73.40 125.31 125.38
73.35 125.23 125.30
73.30 125.14 125.22
73.25 125.06 125.13
73.20 124.98 125.05
73.15 124.91 124.97
73.10 124.83 124.90
73.05 124.77 124.82
73.00 124.70 124.76
72.95 124.63 124.69
ATAR Range
72.90 124.56 124.62
72.85 124.49 124.55
72.80 124.41 124.48
72.75 124.33 124.40
72.70 124.25 124.32
72.65 124.20 124.24
72.60 124.12 124.19
72.55 124.06 124.11
72.50 123.99 124.05
72.45 123.92 123.98
72.40 123.83 123.91
72.35 123.76 123.82
72.30 123.70 123.75
72.25 123.63 123.69
72.20 123.54 123.62
72.15 123.47 123.53
72.10 123.39 123.46
72.05 123.34 123.38
72.00 123.27 123.33
71.95 123.19 123.26
71.90 123.12 123.18
71.85 123.04 123.11
71.80 122.98 123.03
71.75 122.91 122.97
71.70 122.85 122.90
71.65 122.77 122.84
71.60 122.69 122.76
71.55 122.64 122.68
71.50 122.58 122.63
71.45 122.52 122.57
71.40 122.45 122.51
71.35 122.37 122.44
71.30 122.30 122.36
71.25 122.24 122.29
ATAR Range
71.20 122.17 122.23
71.15 122.09 122.16
71.10 122.02 122.08
71.05 121.96 122.01
71.00 121.90 121.95
70.95 121.84 121.89
70.90 121.77 121.83
70.85 121.70 121.76
70.80 121.62 121.69
70.75 121.54 121.61
70.70 121.46 121.53
70.65 121.38 121.45
70.60 121.28 121.37
70.55 121.22 121.27
70.50 121.14 121.21
70.45 121.07 121.13
70.40 121.00 121.06
70.35 120.94 120.99
70.30 120.83 120.93
70.25 120.78 120.82
70.20 120.69 120.77
70.15 120.61 120.68
70.10 120.54 120.60
70.05 120.48 120.53
70.00 120.42 120.47
69.95 120.34 120.41
69.90 120.28 120.33
69.85 120.21 120.27
69.80 120.15 120.20
69.75 120.08 120.14
69.70 120.01 120.07
69.65 119.96 120.00
69.60 119.88 119.95
69.55 119.82 119.87 
ATAR Range
69.50 119.75 119.81
69.45 119.68 119.74
69.40 119.61 119.67
69.35 119.54 119.60
69.30 119.47 119.53
69.25 119.40 119.46
69.20 119.31 119.39
69.15 119.23 119.30
69.10 119.17 119.22
69.05 119.11 119.16
69.00 119.04 119.10
68.95 118.95 119.03
68.90 118.89 118.94
68.85 118.82 118.88
68.80 118.75 118.81
68.75 118.69 118.74
68.70 118.65 118.68
68.65 118.58 118.64
68.60 118.52 118.57
68.55 118.45 118.51
68.50 118.39 118.44
68.45 118.33 118.38
68.40 118.28 118.32
68.35 118.21 118.27
68.30 118.14 118.20
68.25 118.07 118.13
68.20 118.00 118.06
68.15 117.93 117.99
68.10 117.87 117.92
68.05 117.82 117.86
68.00 117.73 117.81
67.95 117.67 117.72
67.90 117.57 117.66
67.85 117.50 117.56
ATAR Range
67.80 117.42 117.49
67.75 117.37 117.41
67.70 117.31 117.36
67.65 117.24 117.30
67.60 117.15 117.23
67.55 117.08 117.14
67.50 117.02 117.07
67.45 116.94 117.01
67.40 116.87 116.93
67.35 116.81 116.86
67.30 116.74 116.80
67.25 116.66 116.73
67.20 116.59 116.65
67.15 116.53 116.58
67.10 116.46 116.52
67.05 116.41 116.45
67.00 116.33 116.40
66.95 116.26 116.32
66.90 116.19 116.25
66.85 116.12 116.18
66.80 116.07 116.11
66.75 115.99 116.06
66.70 115.93 115.98
66.65 115.87 115.92
66.60 115.80 115.86
66.55 115.72 115.79
66.50 115.64 115.71
66.45 115.59 115.63
66.40 115.52 115.58
66.35 115.46 115.51
66.30 115.39 115.45
66.25 115.33 115.38
66.20 115.26 115.32
66.15 115.17 115.25
ATAR Range
66.10 115.10 115.16
66.05 115.04 115.09
66.00 114.99 115.03
65.95 114.92 114.98
65.90 114.88 114.91
65.85 114.81 114.87
65.80 114.74 114.80
65.75 114.67 114.73
65.70 114.59 114.66
65.65 114.53 114.58
65.60 114.46 114.52
65.55 114.39 114.45
65.50 114.32 114.38
65.45 114.24 114.31
65.40 114.18 114.23
65.35 114.13 114.17
65.30 114.05 114.12
65.25 113.99 114.04
65.20 113.90 113.98
65.15 113.84 113.89
65.10 113.77 113.83
65.05 113.71 113.76
65.00 113.64 113.70
64.95 113.57 113.63
64.90 113.50 113.56
64.85 113.44 113.49
64.80 113.36 113.43
64.75 113.31 113.35
64.70 113.26 113.30
64.65 113.20 113.25
64.60 113.12 113.19
64.55 113.05 113.11
64.50 113.00 113.04
64.45 112.94 112.99
ATAR Range
64.40 112.88 112.93
64.35 112.80 112.87
64.30 112.74 112.79
64.25 112.68 112.73
64.20 112.62 112.67
64.15 112.55 112.61
64.10 112.48 112.54
64.05 112.40 112.47
64.00 112.34 112.39
63.95 112.27 112.33
63.90 112.21 112.26
63.85 112.17 112.20
63.80 112.11 112.16
63.75 112.05 112.10
63.70 111.99 112.04
63.65 111.93 111.98
63.60 111.88 111.92
63.55 111.80 111.87
63.50 111.71 111.79
63.45 111.62 111.70
63.40 111.57 111.61
63.35 111.50 111.56
63.30 111.45 111.49
63.25 111.39 111.44
63.20 111.32 111.38
63.15 111.25 111.31
63.10 111.18 111.24
63.05 111.12 111.17
63.00 111.05 111.11
62.95 110.97 111.04
62.90 110.91 110.96
62.85 110.84 110.90
62.80 110.78 110.83
62.75 110.71 110.77
ATAR Range
62.70 110.63 110.70
62.65 110.56 110.62
62.60 110.49 110.55
62.55 110.42 110.48
62.50 110.37 110.41
62.45 110.31 110.36
62.40 110.24 110.30
62.35 110.19 110.23
62.30 110.12 110.18
62.25 110.06 110.11
62.20 110.02 110.05
62.15 109.95 110.01
62.10 109.88 109.94
62.05 109.83 109.87
62.00 109.74 109.82
61.95 109.67 109.73
61.90 109.60 109.66
61.85 109.55 109.59
61.80 109.49 109.54
61.75 109.43 109.48
61.70 109.34 109.42
61.65 109.28 109.33
61.60 109.22 109.27
61.55 109.15 109.21
61.50 109.06 109.14
61.45 108.99 109.05
61.40 108.92 108.98
61.35 108.86 108.91
61.30 108.81 108.85
61.25 108.74 108.80
61.20 108.67 108.73
61.15 108.60 108.66
61.10 108.53 108.59
61.05 108.48 108.52
ATAR Range
61.00 108.41 108.47
60.95 108.34 108.40
60.90 108.27 108.33
60.85 108.22 108.26
60.80 108.15 108.21
60.75 108.07 108.14
60.70 108.02 108.06
60.65 107.95 108.01
60.60 107.88 107.94
60.55 107.81 107.87
60.50 107.72 107.80
60.45 107.64 107.71
60.40 107.56 107.63
60.35 107.51 107.55
60.30 107.44 107.50
60.25 107.38 107.43
60.20 107.30 107.37
60.15 107.23 107.29
60.10 107.15 107.22
60.05 107.09 107.14
60.00 107.03 107.08
59.95 106.97 107.02
59.90 106.90 106.96
59.85 106.83 106.89
59.80 106.77 106.82
59.75 106.72 106.76
59.70 106.67 106.71
59.65 106.59 106.66
59.60 106.53 106.58
59.55 106.47 106.52
59.50 106.41 106.46
59.45 106.35 106.40
59.40 106.29 106.34
59.35 106.22 106.2
ATAR Range
59.30 106.16 106.21
59.25 106.08 106.15
59.20 106.00 106.07
59.15 105.94 105.99
59.10 105.88 105.93
59.05 105.81 105.87
59.00 105.75 105.80
58.95 105.71 105.74
58.90 105.67 105.70
58.85 105.58 105.66
58.80 105.51 105.57
58.75 105.44 105.50
58.70 105.38 105.43
58.65 105.32 105.37
58.60 105.25 105.31
58.55 105.18 105.24
58.50 105.12 105.17
58.45 105.04 105.11
58.40 104.98 105.03
58.35 104.92 104.97
58.30 104.87 104.91
58.25 104.81 104.86
58.20 104.73 104.80
58.15 104.68 104.72
58.10 104.63 104.67
58.05 104.56 104.62
58.00 104.50 104.55
57.95 104.43 104.49
57.90 104.36 104.42
57.85 104.30 104.35
57.80 104.25 104.29
57.75 104.19 104.24
57.70 104.11 104.18
57.65 104.07 104.10
ATAR Range
57.60 104.00 104.06
57.55 103.95 103.99
57.50 103.89 103.94
57.45 103.82 103.88
57.40 103.75 103.81
57.35 103.69 103.74
57.30 103.63 103.68
57.25 103.57 103.62
57.20 103.50 103.56
57.15 103.45 103.49
57.10 103.39 103.44
57.05 103.35 103.38
57.00 103.28 103.34
56.95 103.23 103.27
56.90 103.14 103.22
56.85 103.06 103.13
56.80 103.00 103.05
56.75 102.94 102.99
56.70 102.88 102.93
56.65 102.81 102.87
56.60 102.75 102.80
56.55 102.68 102.74
56.50 102.62 102.67
56.45 102.55 102.61
56.40 102.47 102.54
56.35 102.39 102.46
56.30 102.32 102.38
56.25 102.25 102.31
56.20 102.19 102.24
56.15 102.14 102.18
56.10 102.07 102.13
56.05 101.99 102.06
56.00 101.94 101.98
55.95 101.87 101.93
ATAR Range
55.90 101.81 101.86
55.85 101.75 101.80
55.80 101.67 101.74
55.75 101.60 101.66
55.70 101.53 101.59
55.65 101.46 101.52
55.60 101.41 101.45
55.55 101.34 101.40
55.50 101.30 101.33
55.45 101.25 101.29
55.40 101.17 101.24
55.35 101.12 101.16
55.30 101.05 101.11
55.25 100.98 101.04
55.20 100.91 100.97
55.15 100.82 100.90
55.10 100.78 100.81
55.05 100.71 100.77
55.00 100.64 100.70
54.95 100.56 100.63
54.90 100.50 100.55
54.85 100.44 100.49
54.80 100.35 100.43
54.75 100.28 100.34
54.70 100.21 100.27
54.65 100.15 100.20
54.60 100.07 100.14
54.55 100.00 100.06
54.50 99.95 99.99
54.45 99.88 99.94
54.40 99.80 99.87
54.35 99.74 99.79
54.30 99.68 99.73
54.25 99.63 99.67
ATAR Range
54.20 99.56 99.62
54.15 99.46 99.55
54.10 99.37 99.45
54.05 99.31 99.36
54.00 99.26 99.30
53.95 99.21 99.25
53.90 99.15 99.20
53.85 99.08 99.14
53.80 99.01 99.07
53.75 98.95 99.00
53.70 98.89 98.94
53.65 98.82 98.88
53.60 98.75 98.81
53.55 98.66 98.74
53.50 98.60 98.65
53.45 98.54 98.59
53.40 98.47 98.53
53.35 98.39 98.46
53.30 98.33 98.38
53.25 98.25 98.32
53.20 98.19 98.24
53.15 98.11 98.18
53.10 98.04 98.10
53.05 98.00 98.03
53.00 97.95 97.99
52.95 97.90 97.94
52.90 97.85 97.89
52.85 97.79 97.84
52.80 97.74 97.78
52.75 97.65 97.73
52.70 97.56 97.64
52.65 97.48 97.55
52.60 97.42 97.47
52.55 97.36 97.41
ATAR Range
52.50 97.30 97.35
52.45 97.22 97.29
52.40 97.16 97.21
52.35 97.11 97.15
52.30 97.05 97.10
52.25 96.98 97.04
52.20 96.94 96.97
52.15 96.89 96.93
52.10 96.83 96.88
52.05 96.77 96.82
52.00 96.70 96.76
51.95 96.64 96.69
51.90 96.57 96.63
51.85 96.51 96.56
51.80 96.45 96.50
51.75 96.40 96.44
51.70 96.33 96.39
51.65 96.28 96.32
51.60 96.19 96.27
51.55 96.10 96.18
51.50 96.04 96.09
51.45 95.98 96.03
51.40 95.92 95.97
51.35 95.86 95.91
51.30 95.81 95.85
51.25 95.74 95.80
51.20 95.66 95.73
51.15 95.58 95.65
51.10 95.52 95.57
51.05 95.46 95.51
51.00 95.40 95.45
50.95 95.31 95.39
50.90 95.26 95.30
50.85 95.20 95.25
ATAR Range
50.80 95.12 95.19
50.75 95.05 95.11
50.70 94.99 95.04
50.65 94.95 94.98
50.60 94.89 94.94
50.55 94.83 94.88
50.50 94.77 94.82
50.45 94.71 94.76
50.40 94.65 94.70
50.35 94.59 94.64
50.30 94.52 94.58
50.25 94.47 94.51
50.20 94.38 94.46
50.15 94.31 94.37
50.10 94.21 94.30
50.05 94.13 94.20
50.00 94.06 94.12
49.95 93.99 94.05
49.90 93.93 93.98
49.85 93.87 93.92
49.80 93.80 93.86
49.75 93.72 93.79
49.70 93.66 93.71
49.65 93.60 93.65
49.60 93.53 93.59
49.55 93.45 93.52
49.50 93.41 93.44
49.45 93.34 93.40
49.40 93.28 93.33
49.35 93.23 93.27
49.30 93.18 93.22
49.25 93.12 93.17
49.20 93.06 93.11
49.15 92.99 93.05 
ATAR Range
49.10 92.93 92.98
49.05 92.86 92.92
49.00 92.82 92.85
48.95 92.77 92.81
48.90 92.68 92.76
48.85 92.62 92.67
48.80 92.55 92.61
48.75 92.50 92.54
48.70 92.42 92.49
48.65 92.33 92.41
48.60 92.26 92.32
48.55 92.18 92.25
48.50 92.09 92.17
48.45 92.03 92.08
48.40 91.95 92.02
48.35 91.88 91.94
48.30 91.81 91.87
48.25 91.74 91.80
48.20 91.68 91.73
48.15 91.61 91.67
48.10 91.56 91.60
48.05 91.50 91.55
48.00 91.42 91.49
47.95 91.35 91.41
47.90 91.28 91.34
47.85 91.20 91.27
47.80 91.12 91.19
47.75 91.06 91.11
47.70 90.97 91.05
47.65 90.94 90.96
47.60 90.87 90.93
47.55 90.79 90.86
47.50 90.74 90.78
47.45 90.67 90.73
ATAR Range
47.40 90.60 90.66
47.35 90.56 90.59
47.30 90.49 90.55
47.25 90.43 90.48
47.20 90.37 90.42
47.15 90.31 90.36
47.10 90.22 90.30
47.05 90.15 90.21
47.00 90.08 90.14
46.95 90.01 90.07
46.90 89.96 90.00
46.85 89.88 89.95
46.80 89.82 89.87
46.75 89.77 89.81
46.70 89.72 89.76
46.65 89.66 89.71
46.60 89.58 89.65
46.55 89.52 89.57
46.50 89.45 89.51
46.45 89.39 89.44
46.40 89.32 89.38
46.35 89.27 89.31
46.30 89.19 89.26
46.25 89.14 89.18
46.20 89.08 89.13
46.15 89.01 89.07
46.10 88.93 89.00
46.05 88.87 88.92
46.00 88.79 88.86
45.95 88.72 88.78
45.90 88.66 88.71
45.85 88.59 88.65
45.80 88.51 88.58
45.75 88.45 88.50
ATAR Range
45.70 88.38 88.44
45.65 88.34 88.37
45.60 88.24 88.33
45.55 88.14 88.23
45.50 88.07 88.13
45.45 88.01 88.06
45.40 87.95 88.00
45.35 87.90 87.94
45.30 87.84 87.89
45.25 87.75 87.83
45.20 87.69 87.74
45.15 87.64 87.68
45.10 87.56 87.63
45.05 87.50 87.55
45.00 87.44 87.49
44.95 87.35 87.43
44.90 87.27 87.34
44.85 87.19 87.26
44.80 87.15 87.18
44.75 87.06 87.14
44.70 87.00 87.05
44.65 86.96 86.99
44.60 86.88 86.95
44.55 86.80 86.87
44.50 86.72 86.79
44.45 86.65 86.71
44.40 86.59 86.64
44.35 86.53 86.58
44.30 86.46 86.52
44.25 86.39 86.45
44.20 86.34 86.38
44.15 86.29 86.33
44.10 86.22 86.28
44.05 86.16 86.21
ATAR Range
44.00 86.08 86.15
43.95 86.00 86.07
43.90 85.94 85.99
43.85 85.89 85.93
43.80 85.81 85.88
43.75 85.72 85.80
43.70 85.64 85.71
43.65 85.56 85.63
43.60 85.48 85.55
43.55 85.43 85.47
43.50 85.36 85.42
43.45 85.29 85.35
43.40 85.22 85.28
43.35 85.16 85.21
43.30 85.09 85.15
43.25 85.01 85.08
43.20 84.94 85.00
43.15 84.86 84.93
43.10 84.78 84.85
43.05 84.68 84.77
43.00 84.62 84.67
42.95 84.56 84.61
42.90 84.46 84.55
42.85 84.41 84.45
42.80 84.34 84.40
42.75 84.27 84.33
42.70 84.21 84.26
42.65 84.17 84.20
42.60 84.09 84.16
42.55 84.02 84.08
42.50 83.94 84.01
42.45 83.83 83.93
42.40 83.78 83.82
42.35 83.70 83.77
ATAR Range
42.30 83.63 83.69
42.25 83.57 83.62
42.20 83.49 83.56
42.15 83.43 83.48
42.10 83.35 83.42
42.05 83.30 83.34
42.00 83.22 83.29
41.95 83.14 83.21
41.90 83.07 83.13
41.85 83.00 83.06
41.80 82.95 82.99
41.75 82.88 82.94
41.70 82.82 82.87
41.65 82.75 82.81
41.60 82.68 82.74
41.55 82.60 82.67
41.50 82.54 82.59
41.45 82.51 82.53
41.40 82.41 82.50
41.35 82.34 82.40
41.30 82.29 82.33
41.25 82.24 82.28
41.20 82.18 82.23
41.15 82.12 82.17
41.10 82.05 82.11
41.05 81.98 82.04
41.00 81.91 81.97
40.95 81.85 81.90
40.90 81.75 81.84
40.85 81.65 81.74
40.80 81.58 81.64
40.75 81.49 81.57
40.70 81.42 81.48
40.65 81.35 81.41
ATAR Range
40.60 81.30 81.34
40.55 81.26 81.29
40.50 81.21 81.25
40.45 81.15 81.20
40.40 81.08 81.14
40.35 81.00 81.07
40.30 80.91 80.99
40.25 80.85 80.90
40.20 80.80 80.84
40.15 80.72 80.79
40.10 80.66 80.71
40.05 80.60 80.65
40.00 80.53 80.59
39.95 80.41 80.52
39.90 80.32 80.40
39.85 80.26 80.31
39.80 80.20 80.25
39.75 80.15 80.19
39.70 80.08 80.14
39.65 79.99 80.07
39.60 79.95 79.98
39.55 79.84 79.94
39.50 79.76 79.83
39.45 79.68 79.75
39.40 79.58 79.67
39.35 79.52 79.57
39.30 79.45 79.51
39.25 79.36 79.44
39.20 79.30 79.35
39.15 79.22 79.29
39.10 79.14 79.21
39.05 79.09 79.13
39.00 79.00 79.08
38.95 78.89 78.99 
ATAR Range
38.90 78.82 78.88
38.85 78.75 78.81
38.80 78.67 78.74
38.75 78.59 78.66
38.70 78.49 78.58
38.65 78.41 78.48
38.60 78.35 78.40
38.55 78.29 78.34
38.50 78.21 78.28
38.45 78.10 78.20
38.40 78.05 78.09
38.35 77.98 78.04
38.30 77.91 77.97
38.25 77.85 77.90
38.20 77.74 77.84
38.15 77.66 77.73
38.10 77.59 77.65
38.05 77.53 77.58
38.00 77.45 77.52
37.95 77.36 77.44
37.90 77.29 77.35
37.85 77.23 77.28
37.80 77.14 77.22
37.75 77.08 77.13
37.70 76.95 77.07
37.65 76.87 76.94
37.60 76.81 76.86
37.55 76.70 76.80
37.50 76.63 76.69
37.45 76.55 76.62
37.40 76.46 76.54
37.35 76.42 76.45
37.30 76.34 76.41
37.25 76.30 76.33
ATAR Range
37.20 76.25 76.29
37.15 76.15 76.24
37.10 76.09 76.14
37.05 76.04 76.08
37.00 75.93 76.03
36.95 75.87 75.92
36.90 75.79 75.86
36.85 75.69 75.78
36.80 75.62 75.68
36.75 75.55 75.61
36.70 75.46 75.54
36.65 75.41 75.45
36.60 75.33 75.40
36.55 75.28 75.32
36.50 75.23 75.27
36.45 75.12 75.22
36.40 75.03 75.11
36.35 74.95 75.02
36.30 74.88 74.94
36.25 74.78 74.87
36.20 74.73 74.77
36.15 74.66 74.72
36.10 74.60 74.65
36.05 74.52 74.59
36.00 74.45 74.51
35.95 74.37 74.44
35.90 74.32 74.36
35.85 74.24 74.31
35.80 74.14 74.23
35.75 74.06 74.13
35.70 74.00 74.05
35.65 73.93 73.99
35.60 73.84 73.92
35.55 73.80 73.83
ATAR Range
35.50 73.75 73.79
35.45 73.69 73.74
35.40 73.64 73.68
35.35 73.58 73.63
35.30 73.51 73.57
35.25 73.44 73.50
35.20 73.39 73.43
35.15 73.31 73.38
35.10 73.23 73.30
35.05 73.16 73.22
35.00 73.09 73.15
34.95 73.02 73.08
34.90 72.93 73.01
34.85 72.85 72.92
34.80 72.78 72.84
34.75 72.71 72.77
34.70 72.62 72.70
34.65 72.56 72.61
34.60 72.52 72.55
34.55 72.47 72.51
34.50 72.41 72.46
34.45 72.33 72.40
34.40 72.25 72.32
34.35 72.15 72.24
34.30 72.05 72.14
34.25 71.96 72.04
34.20 71.91 71.95
34.15 71.85 71.90
34.10 71.80 71.84
34.05 71.76 71.79
34.00 71.70 71.75
33.95 71.60 71.69
33.90 71.55 71.59
33.85 71.49 71.54
ATAR Range
33.80 71.39 71.48
33.75 71.34 71.38
33.70 71.29 71.33
33.65 71.22 71.28
33.60 71.15 71.21
33.55 71.08 71.14
33.50 70.99 71.07
33.45 70.91 70.98
33.40 70.85 70.90
33.35 70.75 70.84
33.30 70.61 70.74
33.25 70.54 70.60
33.20 70.41 70.53
33.15 70.35 70.40
33.10 70.29 70.34
33.05 70.20 70.28
33.00 70.15 70.19
32.95 70.09 70.14
32.90 70.04 70.08
32.85 69.97 70.03
32.80 69.88 69.96
32.75 69.80 69.87
32.70 69.74 69.79
32.65 69.69 69.73
32.60 69.64 69.68
32.55 69.52 69.63
ATAR Range
32.50 69.45 69.51
32.45 69.40 69.44
32.40 69.34 69.39
32.35 69.31 69.33
32.30 69.23 69.30
32.25 69.15 69.22
32.20 69.08 69.14
32.15 68.97 69.07
32.10 68.92 68.96
32.05 68.88 68.91
32.00 68.77 68.87
31.95 68.69 68.76
31.90 68.63 68.68
31.85 68.59 68.62
31.80 68.52 68.58
31.75 68.44 68.51
31.70 68.32 68.43
31.65 68.28 68.31
31.60 68.24 68.27
31.55 68.17 68.23
31.50 68.11 68.16
31.45 68.07 68.10
31.40 68.01 68.06
31.35 67.97 68.00
31.30 67.91 67.96
31.25 67.83 67.90
ATAR Range
31.20 67.73 67.82
31.15 67.68 67.72
31.10 67.62 67.67
31.05 67.53 67.61
31.00 67.44 67.52
30.95 67.32 67.43
30.90 67.28 67.31
30.85 67.23 67.27
30.80 67.18 67.22
30.75 67.12 67.17
30.70 67.06 67.11
30.65 66.95 67.05
30.60 66.82 66.94
30.55 66.75 66.81
30.50 66.69 66.74
30.45 66.64 66.68
30.40 66.58 66.63
30.35 66.51 66.57
30.30 66.41 66.50
30.25 66.34 66.40
30.20 66.25 66.33
30.15 66.15 66.24
30.10 66.10 66.14
30.05 65.99 66.09
30.00 65.93 65.98
< 30 0.00 65.92